TimeStamp	CPULoad	DedicatedMemory	DedicatedMemoryUsed	SystemMemory	SystemMemoryUsed	EnginesUtilization
2017-07-21 12:58:15.848284	32	119537664	81920	1028395008	65015808	[48.111735, 0.0, 0.0, 0.0, 0.0, 0.0, 0.0, 0.0, 0.0]
2017-07-21 12:58:15.933864	50	119537664	81920	1028395008	65015808	[51.724138, 0.0, 0.0, 0.0, 0.0, 0.0, 0.0, 0.0, 0.0]
2017-07-21 12:58:16.011986	71	119537664	81920	1028395008	65015808	[47.191011, 0.0, 0.0, 0.0, 0.0, 0.0, 0.0, 0.0, 0.0]
2017-07-21 12:58:16.105754	60	119537664	81920	1028395008	65015808	[48.888889, 0.0, 0.0, 0.0, 0.0, 0.0, 0.0, 0.0, 0.0]
2017-07-21 12:58:16.215160	52	119537664	81920	1028395008	65015808	[46.315789, 0.0, 0.0, 0.0, 0.0, 0.0, 0.0, 0.0, 0.0]
2017-07-21 12:58:16.324580	49	119537664	81920	1028395008	65015808	[49.122807, 0.0, 0.0, 0.0, 0.0, 0.0, 0.0, 0.0, 0.0]
2017-07-21 12:58:16.449530	33	119537664	81920	1028395008	65040384	[45.528455, 0.0, 0.0, 0.0, 0.0, 0.0, 0.0, 0.0, 0.0]
2017-07-21 12:58:16.574496	50	119537664	81920	1028395008	65015808	[52.066116, 0.0, 0.0, 0.0, 0.0, 0.0, 0.0, 0.0, 0.0]
2017-07-21 12:58:16.668328	36	119537664	81920	1028395008	65019904	[47.058824, 0.0, 0.0, 0.0, 0.0, 0.0, 0.0, 0.0, 0.0]
2017-07-21 12:58:16.793330	54	119537664	81920	1028395008	65019904	[45.16129, 0.0, 0.0, 0.0, 0.0, 0.0, 0.0, 0.0, 0.0]
2017-07-21 12:58:16.902702	47	119537664	81920	1028395008	65019904	[49.565217, 0.0, 0.0, 0.0, 0.0, 0.0, 0.0, 0.0, 0.0]
2017-07-21 12:58:17.027621	57	119537664	81920	1028395008	65019904	[47.826087, 0.0, 0.0, 0.0, 0.0, 0.0, 0.0, 0.0, 0.0]
2017-07-21 12:58:17.137038	65	119537664	81920	1028395008	65019904	[49.074074, 0.0, 0.0, 0.0, 0.0, 0.0, 0.0, 0.0, 0.0]
2017-07-21 12:58:17.246377	40	119537664	81920	1028395008	65019904	[49.57265, 0.0, 0.0, 0.0, 0.0, 0.0, 0.0, 0.0, 0.0]
2017-07-21 12:58:17.371413	32	119537664	81920	1028395008	65019904	[46.666667, 0.0, 0.0, 0.0, 0.0, 0.0, 0.0, 0.0, 0.0]
2017-07-21 12:58:17.496449	42	119537664	81920	1028395008	65019904	[45.901639, 0.0, 0.0, 0.0, 0.0, 0.0, 0.0, 0.0, 0.0]
2017-07-21 12:58:17.621405	52	119537664	81920	1028395008	65019904	[50.413223, 0.0, 0.0, 0.0, 0.0, 0.0, 0.0, 0.0, 0.0]
2017-07-21 12:58:17.730828	36	119537664	81920	1028395008	65019904	[48.275862, 0.0, 0.0, 0.0, 0.0, 0.0, 0.0, 0.0, 0.0]
2017-07-21 12:58:17.855781	44	119537664	81920	1028395008	65019904	[48.739496, 0.0, 0.0, 0.0, 0.0, 0.0, 0.0, 0.0, 0.0]
2017-07-21 12:58:17.965158	43	119537664	81920	1028395008	65019904	[45.945946, 0.0, 0.0, 0.0, 0.0, 0.0, 0.0, 0.0, 0.0]
2017-07-21 12:58:18.090125	57	119537664	81920	1028395008	65019904	[50.413223, 0.0, 0.0, 0.0, 0.0, 0.0, 0.0, 0.0, 0.0]
2017-07-21 12:58:18.199583	40	119537664	81920	1028395008	65019904	[47.787611, 0.0, 0.0, 0.0, 0.0, 0.0, 0.0, 0.0, 0.0]
2017-07-21 12:58:18.324531	66	119537664	81920	1028395008	65019904	[47.933884, 0.0, 0.0, 0.0, 0.0, 0.0, 0.0, 0.0, 0.0]
2017-07-21 12:58:18.449536	68	119537664	81920	1028395008	65019904	[46.341463, 0.0, 0.0, 0.0, 0.0, 0.0, 0.0, 0.0, 0.0]
2017-07-21 12:58:18.558955	94	119537664	81920	1028395008	65044480	[50.0, 0.0, 0.0, 0.0, 0.0, 0.0, 0.0, 0.0, 0.0]
2017-07-21 12:58:18.683905	54	119537664	81920	1028395008	65015808	[49.57265, 0.0, 0.0, 0.0, 0.0, 0.0, 0.0, 0.0, 0.0]
2017-07-21 12:58:18.808912	94	119537664	81920	1028395008	65015808	[47.540984, 0.0, 0.0, 0.0, 0.0, 0.0, 0.0, 0.0, 0.0]
2017-07-21 12:58:18.918238	47	119537664	81920	1028395008	65015808	[49.565217, 0.0, 0.0, 0.0, 0.0, 0.0, 0.0, 0.0, 0.0]
2017-07-21 12:58:19.004950	88	119537664	81920	1028395008	65015808	[47.826087, 0.0, 0.0, 0.0, 0.0, 0.0, 0.0, 0.0, 0.0]
2017-07-21 12:58:19.161291	65	119537664	81920	1028395008	65015808	[48.387097, 0.0, 0.0, 0.0, 0.0, 0.0, 0.0, 0.0, 0.0]
2017-07-21 12:58:19.286245	72	119537664	81920	1028395008	65015808	[49.122807, 0.0, 0.0, 0.0, 0.0, 0.0, 0.0, 0.0, 0.0]
2017-07-21 12:58:19.395668	72	119537664	81920	1028395008	65015808	[49.586777, 0.0, 0.0, 0.0, 0.0, 0.0, 0.0, 0.0, 0.0]
2017-07-21 12:58:19.504981	61	119537664	81920	1028395008	65015808	[48.648649, 0.0, 0.0, 0.0, 0.0, 0.0, 0.0, 0.0, 0.0]
2017-07-21 12:58:19.614419	71	119537664	81920	1028395008	65015808	[49.494949, 0.0, 0.0, 0.0, 0.0, 0.0, 0.0, 0.0, 0.0]
2017-07-21 12:58:19.723791	63	119537664	81920	1028395008	65015808	[48.717949, 0.0, 0.0, 0.0, 0.0, 0.0, 0.0, 0.0, 0.0]
2017-07-21 12:58:19.833171	68	119537664	81920	1028395008	65015808	[46.363636, 0.0, 0.0, 0.0, 0.0, 0.0, 0.0, 0.0, 0.0]
2017-07-21 12:58:19.958133	29	119537664	81920	1028395008	65015808	[50.45045, 0.0, 0.0, 0.0, 0.0, 0.0, 0.0, 0.0, 0.0]
2017-07-21 12:58:20.067492	60	119537664	81920	1028395008	65015808	[47.540984, 0.0, 0.0, 0.0, 0.0, 0.0, 0.0, 0.0, 0.0]
2017-07-21 12:58:20.176921	40	119537664	81920	1028395008	65015808	[49.090909, 0.0, 0.0, 0.0, 0.0, 0.0, 0.0, 0.0, 0.0]
2017-07-21 12:58:20.301869	58	119537664	81920	1028395008	65015808	[48.214286, 0.0, 0.0, 0.0, 0.0, 0.0, 0.0, 0.0, 0.0]
2017-07-21 12:58:20.411291	35	119537664	81920	1028395008	65015808	[47.863248, 0.0, 0.0, 0.0, 0.0, 0.0, 0.0, 0.0, 0.0]
2017-07-21 12:58:20.536292	43	119537664	81920	1028395008	65015808	[49.166667, 0.0, 0.0, 0.0, 0.0, 0.0, 0.0, 0.0, 0.0]
2017-07-21 12:58:20.661246	54	119537664	81920	1028395008	65015808	[47.107438, 0.0, 0.0, 0.0, 0.0, 0.0, 0.0, 0.0, 0.0]
2017-07-21 12:58:20.770664	38	119537664	81920	1028395008	65015808	[49.166667, 0.0, 0.0, 0.0, 0.0, 0.0, 0.0, 0.0, 0.0]
2017-07-21 12:58:20.895591	36	119537664	81920	1028395008	65015808	[48.275862, 0.0, 0.0, 0.0, 0.0, 0.0, 0.0, 0.0, 0.0]
2017-07-21 12:58:21.020620	57	119537664	81920	1028395008	65015808	[49.593496, 0.0, 0.0, 0.0, 0.0, 0.0, 0.0, 0.0, 0.0]
2017-07-21 12:58:21.114419	61	119537664	81920	1028395008	65015808	[46.153846, 0.0, 0.0, 0.0, 0.0, 0.0, 0.0, 0.0, 0.0]
2017-07-21 12:58:21.239368	40	119537664	81920	1028395008	65015808	[49.557522, 0.0, 0.0, 0.0, 0.0, 0.0, 0.0, 0.0, 0.0]
2017-07-21 12:58:21.348745	50	119537664	81920	1028395008	65040384	[47.222222, 0.0, 0.0, 0.0, 0.0, 0.0, 0.0, 0.0, 0.0]
2017-07-21 12:58:21.458168	38	119537664	81920	1028395008	65015808	[48.717949, 0.0, 0.0, 0.0, 0.0, 0.0, 0.0, 0.0, 0.0]
2017-07-21 12:58:21.567543	61	119537664	81920	1028395008	65019904	[46.956522, 0.0, 0.0, 0.0, 0.0, 0.0, 0.0, 0.0, 0.0]
2017-07-21 12:58:21.692534	61	119537664	81920	1028395008	65019904	[46.086957, 0.0, 0.0, 0.0, 0.0, 0.0, 0.0, 0.0, 0.0]
2017-07-21 12:58:21.801919	44	119537664	81920	1028395008	65019904	[49.107143, 0.0, 0.0, 0.0, 0.0, 0.0, 0.0, 0.0, 0.0]
2017-07-21 12:58:21.926869	43	119537664	81920	1028395008	65019904	[47.457627, 0.0, 0.0, 0.0, 0.0, 0.0, 0.0, 0.0, 0.0]
2017-07-21 12:58:22.036290	32	119537664	81920	1028395008	65019904	[50.0, 0.0, 0.0, 0.0, 0.0, 0.0, 0.0, 0.0, 0.0]
2017-07-21 12:58:22.161250	47	119537664	81920	1028395008	65019904	[46.491228, 0.0, 0.0, 0.0, 0.0, 0.0, 0.0, 0.0, 0.0]
2017-07-21 12:58:22.286249	35	119537664	81920	1028395008	65019904	[50.4, 0.0, 0.0, 0.0, 0.0, 0.0, 0.0, 0.0, 0.0]
2017-07-21 12:58:22.395671	57	119537664	81920	1028395008	65019904	[47.008547, 0.0, 0.0, 0.0, 0.0, 0.0, 0.0, 0.0, 0.0]
2017-07-21 12:58:22.520624	29	119537664	81920	1028395008	65019904	[47.863248, 0.0, 0.0, 0.0, 0.0, 0.0, 0.0, 0.0, 0.0]
2017-07-21 12:58:22.630043	60	119537664	81920	1028395008	65019904	[46.280992, 0.0, 0.0, 0.0, 0.0, 0.0, 0.0, 0.0, 0.0]
2017-07-21 12:58:22.755042	30	119537664	81920	1028395008	63946752	[47.457627, 0.0, 0.0, 0.0, 0.0, 0.0, 0.0, 0.0, 0.0]
2017-07-21 12:58:22.879999	57	119537664	81920	1028395008	63946752	[49.586777, 0.0, 0.0, 0.0, 0.0, 0.0, 0.0, 0.0, 0.0]
2017-07-21 12:58:22.989370	29	119537664	81920	1028395008	63946752	[48.739496, 0.0, 0.0, 0.0, 0.0, 0.0, 0.0, 0.0, 0.0]
2017-07-21 12:58:23.114368	79	119537664	81920	1028395008	63946752	[46.086957, 0.0, 0.0, 0.0, 0.0, 0.0, 0.0, 0.0, 0.0]
2017-07-21 12:58:23.223789	52	119537664	81920	1028395008	63946752	[47.321429, 0.0, 0.0, 0.0, 0.0, 0.0, 0.0, 0.0, 0.0]
2017-07-21 12:58:23.348750	46	119537664	81920	1028395008	63946752	[49.586777, 0.0, 0.0, 0.0, 0.0, 0.0, 0.0, 0.0, 0.0]
2017-07-21 12:58:23.458171	41	119537664	81920	1028395008	63946752	[46.610169, 0.0, 0.0, 0.0, 0.0, 0.0, 0.0, 0.0, 0.0]
2017-07-21 12:58:23.583125	50	119537664	81920	1028395008	63946752	[47.787611, 0.0, 0.0, 0.0, 0.0, 0.0, 0.0, 0.0, 0.0]
2017-07-21 12:58:23.692544	32	119537664	81920	1028395008	63946752	[48.695652, 0.0, 0.0, 0.0, 0.0, 0.0, 0.0, 0.0, 0.0]
2017-07-21 12:58:23.817499	50	119537664	81920	1028395008	63946752	[49.579832, 0.0, 0.0, 0.0, 0.0, 0.0, 0.0, 0.0, 0.0]
2017-07-21 12:58:23.926882	54	119537664	81920	1028395008	63946752	[46.218487, 0.0, 0.0, 0.0, 0.0, 0.0, 0.0, 0.0, 0.0]
2017-07-21 12:58:24.051869	43	119537664	81920	1028395008	63946752	[46.902655, 0.0, 0.0, 0.0, 0.0, 0.0, 0.0, 0.0, 0.0]
2017-07-21 12:58:24.161289	76	119537664	81920	1028395008	63946752	[50.0, 0.0, 0.0, 0.0, 0.0, 0.0, 0.0, 0.0, 0.0]
2017-07-21 12:58:24.286249	33	119537664	81920	1028395008	63946752	[47.058824, 0.0, 0.0, 0.0, 0.0, 0.0, 0.0, 0.0, 0.0]
2017-07-21 12:58:24.395597	58	119537664	81920	1028395008	63946752	[47.747748, 0.0, 0.0, 0.0, 0.0, 0.0, 0.0, 0.0, 0.0]
2017-07-21 12:58:24.505040	29	119537664	81920	1028395008	63946752	[45.045045, 0.0, 0.0, 0.0, 0.0, 0.0, 0.0, 0.0, 0.0]
2017-07-21 12:58:24.629994	47	119537664	81920	1028395008	63946752	[49.586777, 0.0, 0.0, 0.0, 0.0, 0.0, 0.0, 0.0, 0.0]
2017-07-21 12:58:24.739365	38	119537664	81920	1028395008	63946752	[47.933884, 0.0, 0.0, 0.0, 0.0, 0.0, 0.0, 0.0, 0.0]
2017-07-21 12:58:24.864426	68	119537664	81920	1028395008	63946752	[48.695652, 0.0, 0.0, 0.0, 0.0, 0.0, 0.0, 0.0, 0.0]
2017-07-21 12:58:24.973790	41	119537664	81920	1028395008	63946752	[48.275862, 0.0, 0.0, 0.0, 0.0, 0.0, 0.0, 0.0, 0.0]
2017-07-21 12:58:25.098748	50	119537664	81920	1028395008	63946752	[45.16129, 0.0, 0.0, 0.0, 0.0, 0.0, 0.0, 0.0, 0.0]
2017-07-21 12:58:25.223748	47	119537664	81920	1028395008	63946752	[48.695652, 0.0, 0.0, 0.0, 0.0, 0.0, 0.0, 0.0, 0.0]
2017-07-21 12:58:25.333170	35	119537664	81920	1028395008	63946752	[49.586777, 0.0, 0.0, 0.0, 0.0, 0.0, 0.0, 0.0, 0.0]
2017-07-21 12:58:25.458169	40	119537664	81920	1028395008	63946752	[47.863248, 0.0, 0.0, 0.0, 0.0, 0.0, 0.0, 0.0, 0.0]
2017-07-21 12:58:25.567542	34	119537664	81920	1028395008	63946752	[47.826087, 0.0, 0.0, 0.0, 0.0, 0.0, 0.0, 0.0, 0.0]
2017-07-21 12:58:25.692541	54	119537664	81920	1028395008	63946752	[48.333333, 0.0, 0.0, 0.0, 0.0, 0.0, 0.0, 0.0, 0.0]
2017-07-21 12:58:25.817541	41	119537664	81920	1028395008	63946752	[44.715447, 0.0, 0.0, 0.0, 0.0, 0.0, 0.0, 0.0, 0.0]
2017-07-21 12:58:25.926870	43	119537664	81920	1028395008	63946752	[48.672566, 0.0, 0.0, 0.0, 0.0, 0.0, 0.0, 0.0, 0.0]
2017-07-21 12:58:26.051874	40	119537664	81920	1028395008	63946752	[49.122807, 0.0, 0.0, 0.0, 0.0, 0.0, 0.0, 0.0, 0.0]
2017-07-21 12:58:26.333167	57	119537664	81920	1028395008	63946752	[47.241379, 0.0, 0.0, 0.0, 0.0, 0.0, 0.0, 0.0, 0.0]
2017-07-21 12:58:26.458126	54	119537664	81920	1028395008	63946752	[50.0, 0.0, 0.0, 0.0, 0.0, 0.0, 0.0, 0.0, 0.0]
2017-07-21 12:58:26.567541	54	119537664	81920	1028395008	63946752	[46.086957, 0.0, 0.0, 0.0, 0.0, 0.0, 0.0, 0.0, 0.0]
2017-07-21 12:58:26.692543	65	119537664	81920	1028395008	63946752	[50.0, 0.0, 0.0, 0.0, 0.0, 0.0, 0.0, 0.0, 0.0]
2017-07-21 12:58:26.801897	29	119537664	81920	1028395008	63946752	[48.245614, 0.0, 0.0, 0.0, 0.0, 0.0, 0.0, 0.0, 0.0]
2017-07-21 12:58:26.926873	68	119537664	81920	1028395008	63946752	[47.368421, 0.0, 0.0, 0.0, 0.0, 0.0, 0.0, 0.0, 0.0]
2017-07-21 12:58:27.036293	29	119537664	81920	1028395008	63946752	[46.902655, 0.0, 0.0, 0.0, 0.0, 0.0, 0.0, 0.0, 0.0]
2017-07-21 12:58:27.145631	50	119537664	81920	1028395008	63946752	[48.275862, 0.0, 0.0, 0.0, 0.0, 0.0, 0.0, 0.0, 0.0]
2017-07-21 12:58:27.270667	36	119537664	81920	1028395008	63946752	[49.152542, 0.0, 0.0, 0.0, 0.0, 0.0, 0.0, 0.0, 0.0]
2017-07-21 12:58:27.380000	44	119537664	81920	1028395008	63946752	[47.008547, 0.0, 0.0, 0.0, 0.0, 0.0, 0.0, 0.0, 0.0]
2017-07-21 12:58:27.489342	42	119537664	81920	1028395008	63946752	[45.360825, 0.0, 0.0, 0.0, 0.0, 0.0, 0.0, 0.0, 0.0]
2017-07-21 12:58:27.598750	29	119537664	81920	1028395008	63946752	[50.925926, 0.0, 0.0, 0.0, 0.0, 0.0, 0.0, 0.0, 0.0]
2017-07-21 12:58:27.708117	44	119537664	81920	1028395008	63946752	[47.008547, 0.0, 0.0, 0.0, 0.0, 0.0, 0.0, 0.0, 0.0]
2017-07-21 12:58:27.833168	44	119537664	81920	1028395008	63946752	[45.528455, 0.0, 0.0, 0.0, 0.0, 0.0, 0.0, 0.0, 0.0]
2017-07-21 12:58:27.958120	68	119537664	81920	1028395008	63946752	[50.847458, 0.0, 0.0, 0.0, 0.0, 0.0, 0.0, 0.0, 0.0]
2017-07-21 12:58:28.067533	33	119537664	81920	1028395008	63946752	[45.045045, 0.0, 0.0, 0.0, 0.0, 0.0, 0.0, 0.0, 0.0]
2017-07-21 12:58:28.176875	72	119537664	81920	1028395008	63946752	[50.0, 0.0, 0.0, 0.0, 0.0, 0.0, 0.0, 0.0, 0.0]
2017-07-21 12:58:28.286293	44	119537664	81920	1028395008	63946752	[47.058824, 0.0, 0.0, 0.0, 0.0, 0.0, 0.0, 0.0, 0.0]
2017-07-21 12:58:28.411290	35	119537664	81920	1028395008	63946752	[48.739496, 0.0, 0.0, 0.0, 0.0, 0.0, 0.0, 0.0, 0.0]
2017-07-21 12:58:28.536245	50	119537664	81920	1028395008	63946752	[45.833333, 0.0, 0.0, 0.0, 0.0, 0.0, 0.0, 0.0, 0.0]
2017-07-21 12:58:28.645665	54	119537664	81920	1028395008	63946752	[48.275862, 0.0, 0.0, 0.0, 0.0, 0.0, 0.0, 0.0, 0.0]
2017-07-21 12:58:28.770669	47	119537664	81920	1028395008	63946752	[46.218487, 0.0, 0.0, 0.0, 0.0, 0.0, 0.0, 0.0, 0.0]
2017-07-21 12:58:28.895619	60	119537664	81920	1028395008	63946752	[51.219512, 0.0, 0.0, 0.0, 0.0, 0.0, 0.0, 0.0, 0.0]
2017-07-21 12:58:29.317501	40	119537664	81920	1028395008	63946752	[46.902655, 0.0, 0.0, 0.0, 0.0, 0.0, 0.0, 0.0, 0.0]
2017-07-21 12:58:29.426922	42	119537664	81920	1028395008	63946752	[47.743468, 0.0, 0.0, 0.0, 0.0, 0.0, 0.0, 0.0, 0.0]
2017-07-21 12:58:29.536250	44	119537664	81920	1028395008	63946752	[48.245614, 0.0, 0.0, 0.0, 0.0, 0.0, 0.0, 0.0, 0.0]
2017-07-21 12:58:29.661293	50	119537664	81920	1028395008	63946752	[47.457627, 0.0, 0.0, 0.0, 0.0, 0.0, 0.0, 0.0, 0.0]
2017-07-21 12:58:29.770667	32	119537664	81920	1028395008	63946752	[48.245614, 0.0, 0.0, 0.0, 0.0, 0.0, 0.0, 0.0, 0.0]
2017-07-21 12:58:29.895619	40	119537664	81920	1028395008	63946752	[47.413793, 0.0, 0.0, 0.0, 0.0, 0.0, 0.0, 0.0, 0.0]
2017-07-21 12:58:30.005041	38	119537664	81920	1028395008	63946752	[47.413793, 0.0, 0.0, 0.0, 0.0, 0.0, 0.0, 0.0, 0.0]
2017-07-21 12:58:30.130000	33	119537664	81920	1028395008	63946752	[47.863248, 0.0, 0.0, 0.0, 0.0, 0.0, 0.0, 0.0, 0.0]
2017-07-21 12:58:30.239417	63	119537664	81920	1028395008	63946752	[45.081967, 0.0, 0.0, 0.0, 0.0, 0.0, 0.0, 0.0, 0.0]
2017-07-21 12:58:30.364423	35	119537664	81920	1028395008	63946752	[47.863248, 0.0, 0.0, 0.0, 0.0, 0.0, 0.0, 0.0, 0.0]
2017-07-21 12:58:30.489377	52	119537664	81920	1028395008	63946752	[48.739496, 0.0, 0.0, 0.0, 0.0, 0.0, 0.0, 0.0, 0.0]
2017-07-21 12:58:30.598743	22	119537664	81920	1028395008	63946752	[48.305085, 0.0, 0.0, 0.0, 0.0, 0.0, 0.0, 0.0, 0.0]
2017-07-21 12:58:30.723713	61	119537664	81920	1028395008	63946752	[47.457627, 0.0, 0.0, 0.0, 0.0, 0.0, 0.0, 0.0, 0.0]
2017-07-21 12:58:30.833169	25	119537664	81920	1028395008	63946752	[49.57265, 0.0, 0.0, 0.0, 0.0, 0.0, 0.0, 0.0, 0.0]
2017-07-21 12:58:30.958125	57	119537664	81920	1028395008	63946752	[46.280992, 0.0, 0.0, 0.0, 0.0, 0.0, 0.0, 0.0, 0.0]
2017-07-21 12:58:31.083124	40	119537664	81920	1028395008	63946752	[46.610169, 0.0, 0.0, 0.0, 0.0, 0.0, 0.0, 0.0, 0.0]
2017-07-21 12:58:31.192502	60	119537664	81920	1028395008	63946752	[47.413793, 0.0, 0.0, 0.0, 0.0, 0.0, 0.0, 0.0, 0.0]
2017-07-21 12:58:31.317540	50	119537664	81920	1028395008	63946752	[49.166667, 0.0, 0.0, 0.0, 0.0, 0.0, 0.0, 0.0, 0.0]
2017-07-21 12:58:31.442542	59	119537664	81920	1028395008	63946752	[46.923077, 0.0, 0.0, 0.0, 0.0, 0.0, 0.0, 0.0, 0.0]
2017-07-21 12:58:31.567498	40	119537664	81920	1028395008	63971328	[47.413793, 0.0, 0.0, 0.0, 0.0, 0.0, 0.0, 0.0, 0.0]
2017-07-21 12:58:31.676884	47	119537664	81920	1028395008	63946752	[47.457627, 0.0, 0.0, 0.0, 0.0, 0.0, 0.0, 0.0, 0.0]
2017-07-21 12:58:31.801924	47	119537664	81920	1028395008	63946752	[50.0, 0.0, 0.0, 0.0, 0.0, 0.0, 0.0, 0.0, 0.0]
2017-07-21 12:58:31.911291	47	119537664	81920	1028395008	63946752	[47.89916, 0.0, 0.0, 0.0, 0.0, 0.0, 0.0, 0.0, 0.0]
2017-07-21 12:58:32.036244	43	119537664	81920	1028395008	63946752	[48.275862, 0.0, 0.0, 0.0, 0.0, 0.0, 0.0, 0.0, 0.0]
2017-07-21 12:58:32.145620	50	119537664	81920	1028395008	63946752	[47.169811, 0.0, 0.0, 0.0, 0.0, 0.0, 0.0, 0.0, 0.0]
2017-07-21 12:58:32.255043	47	119537664	81920	1028395008	63946752	[47.826087, 0.0, 0.0, 0.0, 0.0, 0.0, 0.0, 0.0, 0.0]
2017-07-21 12:58:32.379994	22	119537664	81920	1028395008	63946752	[46.218487, 0.0, 0.0, 0.0, 0.0, 0.0, 0.0, 0.0, 0.0]
2017-07-21 12:58:32.505000	60	119537664	81920	1028395008	63946752	[46.280992, 0.0, 0.0, 0.0, 0.0, 0.0, 0.0, 0.0, 0.0]
2017-07-21 12:58:32.614420	29	119537664	81920	1028395008	63946752	[50.413223, 0.0, 0.0, 0.0, 0.0, 0.0, 0.0, 0.0, 0.0]
2017-07-21 12:58:32.739369	47	119537664	81920	1028395008	63946752	[48.245614, 0.0, 0.0, 0.0, 0.0, 0.0, 0.0, 0.0, 0.0]
2017-07-21 12:58:32.848745	33	119537664	81920	1028395008	63946752	[45.87156, 0.0, 0.0, 0.0, 0.0, 0.0, 0.0, 0.0, 0.0]
2017-07-21 12:58:32.958162	47	119537664	81920	1028395008	63946752	[49.557522, 0.0, 0.0, 0.0, 0.0, 0.0, 0.0, 0.0, 0.0]
2017-07-21 12:58:33.067542	54	119537664	81920	1028395008	63946752	[47.222222, 0.0, 0.0, 0.0, 0.0, 0.0, 0.0, 0.0, 0.0]
2017-07-21 12:58:33.176871	41	119537664	81920	1028395008	63946752	[46.491228, 0.0, 0.0, 0.0, 0.0, 0.0, 0.0, 0.0, 0.0]
2017-07-21 12:58:33.301921	49	119537664	81920	1028395008	63946752	[50.413223, 0.0, 0.0, 0.0, 0.0, 0.0, 0.0, 0.0, 0.0]
2017-07-21 12:58:33.426870	56	119537664	81920	1028395008	63946752	[49.579832, 0.0, 0.0, 0.0, 0.0, 0.0, 0.0, 0.0, 0.0]
2017-07-21 12:58:33.551871	79	119537664	81920	1028395008	63946752	[46.341463, 0.0, 0.0, 0.0, 0.0, 0.0, 0.0, 0.0, 0.0]
2017-07-21 12:58:33.661218	60	119537664	81920	1028395008	63946752	[49.579832, 0.0, 0.0, 0.0, 0.0, 0.0, 0.0, 0.0, 0.0]
2017-07-21 12:58:33.786293	65	119537664	81920	1028395008	63946752	[49.579832, 0.0, 0.0, 0.0, 0.0, 0.0, 0.0, 0.0, 0.0]
2017-07-21 12:58:33.911289	35	119537664	81920	1028395008	63946752	[47.154472, 0.0, 0.0, 0.0, 0.0, 0.0, 0.0, 0.0, 0.0]
2017-07-21 12:58:34.020614	69	119537664	81920	1028395008	63950848	[48.695652, 0.0, 0.0, 0.0, 0.0, 0.0, 0.0, 0.0, 0.0]
2017-07-21 12:58:34.130042	47	119537664	81920	1028395008	63946752	[46.728972, 0.0, 0.0, 0.0, 0.0, 0.0, 0.0, 0.0, 0.0]
2017-07-21 12:58:34.254998	61	119537664	81920	1028395008	63959040	[49.579832, 0.0, 0.0, 0.0, 0.0, 0.0, 0.0, 0.0, 0.0]
2017-07-21 12:58:34.364420	43	119537664	81920	1028395008	63946752	[44.247788, 0.0, 0.0, 0.0, 0.0, 0.0, 0.0, 0.0, 0.0]
2017-07-21 12:58:34.489375	60	119537664	81920	1028395008	63946752	[50.819672, 0.0, 0.0, 0.0, 0.0, 0.0, 0.0, 0.0, 0.0]
2017-07-21 12:58:34.598793	29	119537664	81920	1028395008	63946752	[46.491228, 0.0, 0.0, 0.0, 0.0, 0.0, 0.0, 0.0, 0.0]
2017-07-21 12:58:34.723744	61	119537664	81920	1028395008	63946752	[48.305085, 0.0, 0.0, 0.0, 0.0, 0.0, 0.0, 0.0, 0.0]
2017-07-21 12:58:34.848745	35	119537664	81920	1028395008	63946752	[44.715447, 0.0, 0.0, 0.0, 0.0, 0.0, 0.0, 0.0, 0.0]
2017-07-21 12:58:34.958120	41	119537664	81920	1028395008	63946752	[47.863248, 0.0, 0.0, 0.0, 0.0, 0.0, 0.0, 0.0, 0.0]
2017-07-21 12:58:35.083126	40	119537664	81920	1028395008	63946752	[46.610169, 0.0, 0.0, 0.0, 0.0, 0.0, 0.0, 0.0, 0.0]
